Filas: 20, Columnas: 20
0,1,0,0,1,0,0,0,0,0,0,0,1,1,0,0,0,0,0,0
0,0,0,0,1,0,0,0,0,0,0,1,0,0,1,0,0,0,1,1
0,1,0,0,0,0,0,0,0,0,0,1,0,0,1,0,0,0,1,1
0,0,0,0,0,0,0,0,0,0,0,0,0,0,1,0,0,0,0,0
0,0,0,0,0,0,0,0,0,0,0,0,0,0,0,0,0,0,0,0
0,0,0,0,0,0,0,0,0,0,0,0,0,0,0,0,0,0,0,0
0,1,1,1,1,1,0,0,0,0,0,0,0,0,1,0,0,0,0,0
1,1,1,1,1,1,0,0,0,0,0,0,0,0,1,1,0,0,0,0
1,0,1,1,0,1,0,0,0,0,1,0,0,0,0,0,1,0,0,0
1,0,0,1,0,1,1,1,0,0,0,1,1,0,1,1,1,0,0,0
1,0,1,1,1,0,0,0,0,0,1,0,1,0,0,1,0,0,0,0
1,0,1,1,1,0,0,0,0,0,1,1,1,1,0,0,0,0,0,0
0,1,1,1,1,0,0,1,0,0,1,1,0,1,1,0,0,0,0,0
0,1,0,0,1,1,0,0,0,0,0,0,1,0,0,1,0,0,0,0
0,0,1,1,0,0,0,0,0,0,0,0,0,1,1,0,0,0,0,0
0,1,0,0,1,0,0,0,0,0,1,1,0,1,1,0,0,1,1,0
0,0,1,1,0,0,0,0,0,0,0,1,0,0,0,0,0,1,1,0
1,0,0,0,0,0,0,0,0,0,1,0,0,0,1,0,1,0,0,0
1,0,1,0,0,0,0,0,0,1,1,0,1,0,1,1,1,0,1,0
0,1,0,0,0,0,0,0,0,1,1,1,0,1,0,1,1,0,1,0
celulas vivas: 112
Generaciones anteriores: 288, 292, 306, 287, 200